71 , 25
71 , 26
71 , 25
72 , 25
71 , 26
71 , 25
72 , 25
71 , 26
71 , 25
71 , 26
71 , 25
71 , 25
72 , 25
71 , 26
72 , 25
72 , 25
71 , 26
71 , 26
71 , 26
71 , 25
71 , 26
71 , 24
71 , 26
71 , 25
71 , 26
72 , 26
71 , 25
72 , 25
71 , 26
71 , 26
72 , 25
72 , 26
72 , 25
71 , 25
72 , 25
71 , 25
72 , 26
71 , 25
72 , 26
72 , 25
71 , 25
71 , 26
71 , 26
71 , 25
72 , 25
72 , 25
71 , 26
72 , 26
72 , 25
71 , 26
71 , 25
72 , 25
72 , 26
71 , 26
72 , 25
72 , 26
71 , 26
72 , 25
71 , 25
72 , 25
71 , 26
72 , 26
72 , 25
71 , 26
72 , 25
71 , 25
71 , 26
72 , 25
71 , 25
72 , 25
72 , 26
71 , 25
72 , 26
72 , 26
72 , 25
71 , 25
72 , 25
72 , 25
72 , 25
72 , 26
72 , 25
72 , 26
72 , 25
72 , 26
72 , 26
72 , 25
72 , 26
72 , 25
72 , 26
72 , 25
73 , 25
72 , 25
72 , 26
72 , 25
72 , 25
72 , 26
72 , 25
72 , 25
71 , 26
72 , 26
71 , 26
72 , 26
72 , 26
72 , 25
72 , 25
72 , 26
72 , 25
72 , 26
72 , 25
72 , 26
72 , 25
72 , 25
72 , 25
73 , 26
72 , 26
73 , 26
72 , 25
73 , 26
72 , 25
72 , 26
73 , 26
72 , 26
73 , 26
72 , 25
73 , 26
72 , 26
72 , 25
73 , 26
72 , 26
73 , 26
73 , 26
72 , 26
72 , 26
73 , 26
72 , 25
72 , 26
72 , 26
73 , 26
73 , 27
73 , 25
73 , 26
74 , 26
73 , 27
74 , 27
73 , 26
74 , 26
73 , 27
73 , 26
74 , 26
73 , 27
74 , 26
73 , 26
73 , 27
73 , 26
73 , 25
74 , 26
73 , 26
74 , 27
73 , 26
73 , 27
74 , 26
74 , 27
74 , 26
74 , 26
73 , 26
74 , 26
74 , 26
74 , 27
74 , 26
74 , 26
74 , 27
74 , 26
74 , 27
73 , 27
74 , 27
74 , 26
74 , 26
74 , 26
74 , 26
74 , 27
74 , 26
74 , 27
74 , 26
74 , 27
74 , 26
74 , 26
74 , 27
75 , 26
74 , 27
75 , 27
74 , 27
75 , 27
74 , 27
75 , 27
74 , 27
75 , 28
74 , 27
75 , 27
74 , 27
75 , 27
74 , 27
75 , 28
75 , 27
75 , 28
75 , 27
76 , 27
75 , 27
74 , 27
75 , 26
75 , 28
75 , 27
76 , 27
76 , 27
75 , 27
76 , 27
76 , 27
75 , 28
75 , 27
76 , 27
75 , 27
76 , 28
76 , 27
76 , 28
75 , 28
76 , 27
76 , 28
75 , 27
75 , 27
76 , 27
76 , 28
75 , 28
76 , 28
76 , 28
76 , 27
76 , 28
76 , 27
76 , 28
76 , 28
76 , 27
76 , 28
77 , 28
76 , 28
77 , 28
76 , 28
76 , 27
76 , 28
77 , 28
77 , 28
77 , 27
76 , 28
77 , 28
77 , 29
77 , 29
77 , 29
77 , 28
78 , 28
77 , 29
77 , 28
78 , 29
77 , 29
77 , 28
78 , 29
77 , 28
78 , 28
78 , 28
77 , 29
78 , 28
77 , 28
78 , 28
78 , 29
77 , 28
78 , 28
77 , 29
78 , 29
78 , 29
77 , 29
78 , 29
78 , 29
77 , 28
78 , 29
77 , 29
78 , 28
77 , 28
78 , 28
77 , 28
78 , 29
78 , 27
78 , 29
78 , 28
78 , 28
78 , 28
78 , 29
78 , 28
78 , 29
78 , 28
78 , 29
78 , 29
79 , 29
78 , 29
79 , 29
78 , 29
79 , 28
79 , 28
79 , 28
79 , 30
79 , 30
79 , 29
80 , 29
80 , 30
80 , 30
80 , 30
79 , 29
80 , 30
80 , 29
80 , 30
80 , 29
80 , 30
80 , 29
80 , 30
80 , 30
80 , 29
81 , 30
80 , 30
80 , 29
80 , 29
80 , 30
80 , 29
80 , 30
81 , 30
81 , 29
81 , 30
80 , 30
80 , 29
81 , 30
80 , 30
81 , 29
81 , 30
80 , 30
81 , 30
81 , 29
81 , 30
81 , 29
82 , 30
81 , 31
82 , 31
82 , 30
81 , 30
81 , 31
82 , 30
82 , 31
82 , 30
81 , 30
82 , 30
82 , 31
82 , 30
82 , 31
82 , 30
82 , 31
82 , 31
82 , 30
82 , 30
82 , 31
83 , 31
83 , 31
83 , 32
82 , 31
82 , 32
82 , 30
83 , 31
82 , 31
83 , 31
83 , 32
83 , 31
83 , 32
83 , 31
83 , 30
83 , 31
83 , 30
83 , 31
84 , 31
84 , 31
83 , 31
84 , 31
84 , 31
84 , 31
84 , 32
84 , 32
84 , 31
84 , 32
84 , 31
84 , 32
85 , 32
85 , 31
84 , 32
84 , 32
85 , 31
84 , 32
85 , 31
85 , 32
85 , 33
85 , 32
86 , 32
85 , 33
85 , 32
86 , 32
85 , 33
86 , 32
86 , 32
85 , 31
85 , 32
85 , 33
85 , 32
86 , 32
85 , 32
86 , 33
86 , 32
85 , 32
85 , 32
86 , 32
86 , 33
86 , 32
86 , 32
85 , 32
86 , 33
85 , 33
86 , 33
86 , 32
85 , 32
86 , 32
86 , 33
86 , 32
86 , 33
85 , 32
86 , 32
86 , 32
86 , 33
86 , 32
86 , 33
86 , 32
86 , 33
86 , 32
86 , 32
86 , 33
86 , 33
86 , 33
86 , 33
86 , 32
86 , 33
86 , 32
87 , 33
86 , 33
86 , 32
87 , 33
86 , 33
87 , 33
86 , 32
87 , 33
87 , 32
87 , 32
87 , 32
86 , 33
87 , 33
87 , 34
87 , 33
88 , 33
87 , 34
88 , 33
87 , 32
87 , 33
87 , 34
87 , 33
88 , 34
87 , 33
87 , 32
88 , 33
87 , 33
88 , 33
87 , 33
87 , 33
87 , 34
87 , 33
87 , 33
88 , 33
88 , 34
88 , 33
88 , 34
88 , 34
88 , 33
89 , 34
88 , 34
88 , 33
88 , 34
88 , 34
89 , 34
88 , 34
89 , 34
88 , 34
88 , 33
88 , 34
88 , 33
88 , 34
88 , 33
88 , 34
89 , 34
88 , 34
89 , 34
88 , 34
89 , 34
89 , 33
88 , 33
88 , 34
89 , 34
88 , 34
89 , 34
88 , 34
88 , 34
89 , 34
88 , 34
89 , 33
88 , 34
89 , 34
89 , 34
89 , 34
89 , 34
89 , 33
89 , 34
89 , 33
89 , 34
90 , 34
89 , 35
89 , 34
90 , 34
89 , 34
89 , 35
90 , 34
89 , 34
90 , 34
90 , 35
90 , 34
90 , 35
90 , 35
90 , 34
90 , 35
90 , 35
90 , 34
90 , 35
90 , 34
90 , 35
90 , 35
90 , 34
90 , 35
90 , 34
90 , 35
90 , 34
90 , 35
91 , 34
90 , 35
91 , 35
90 , 35
90 , 34
90 , 35
91 , 35
91 , 34
91 , 35
91 , 35
91 , 34
91 , 35
91 , 36
91 , 34
92 , 35
91 , 36
92 , 36
92 , 35
91 , 36
91 , 35
91 , 35
92 , 35
92 , 35
91 , 35
91 , 35
92 , 35
91 , 35
92 , 35
91 , 35
92 , 36
92 , 35
91 , 35
92 , 35
92 , 36
92 , 35
92 , 36
92 , 35
92 , 36
92 , 35
92 , 36
92 , 35
93 , 35
92 , 35
92 , 35
93 , 35
93 , 35
92 , 35
93 , 36
92 , 35
93 , 35
93 , 35
93 , 36
93 , 36
93 , 35
93 , 36
94 , 36
94 , 36
93 , 35
93 , 36
94 , 36
93 , 36
94 , 36
93 , 36
94 , 36
93 , 36
94 , 37
94 , 36
94 , 37
94 , 36
95 , 36
94 , 36
94 , 37
95 , 36
94 , 37
94 , 36
95 , 37
94 , 37
94 , 36
95 , 36
95 , 36
94 , 36
94 , 37
94 , 36
95 , 36
94 , 36
94 , 37
95 , 36
94 , 36
94 , 37
95 , 36
94 , 36
95 , 37
95 , 36
94 , 36
95 , 36
95 , 37
95 , 37
95 , 36
95 , 37
95 , 36
95 , 37
94 , 36
95 , 37
95 , 36
95 , 37
95 , 36
95 , 36
95 , 37
95 , 36
95 , 37
95 , 37
96 , 37
95 , 37
95 , 37
96 , 37
96 , 38
96 , 37
96 , 38
96 , 37
96 , 38
97 , 37
96 , 38
96 , 37
97 , 37
97 , 38
96 , 37
97 , 38
97 , 37
97 , 38
97 , 38
97 , 37
97 , 37
97 , 38
97 , 37
97 , 38
97 , 37
97 , 38
97 , 38
97 , 37
97 , 38
97 , 37
97 , 38
97 , 37
98 , 38
98 , 38
97 , 37
98 , 37
97 , 37
97 , 38
97 , 38
97 , 37
97 , 38
97 , 37
98 , 38
97 , 38
98 , 38
97 , 38
98 , 37
98 , 38
97 , 38
98 , 38
97 , 38
98 , 38
98 , 37
98 , 38
97 , 38
97 , 38
98 , 37
98 , 38
98 , 37
98 , 38
98 , 39
99 , 38
98 , 38
99 , 38
99 , 38
99 , 38
99 , 39
98 , 38
99 , 38
99 , 39
99 , 38
99 , 39
99 , 38
99 , 38
99 , 39
99 , 38
99 , 39
100 , 39
100 , 39
100 , 39
99 , 39
100 , 39
99 , 39
99 , 38
100 , 38
100 , 39
100 , 40
100 , 39
99 , 39
100 , 39
100 , 40
100 , 38
101 , 39
100 , 39
101 , 40
100 , 39
100 , 38
100 , 39
101 , 39
101 , 39
100 , 39
101 , 39
100 , 39
100 , 40
101 , 39
100 , 39
101 , 39
101 , 40
101 , 40
101 , 39
101 , 40
101 , 40
101 , 39
101 , 39
101 , 39
102 , 39
101 , 39
101 , 40
101 , 39
101 , 40
102 , 39
102 , 40
101 , 39
102 , 39
102 , 40
101 , 40
102 , 40
101 , 40
102 , 39
102 , 39
102 , 40
102 , 39
102 , 39
102 , 40
103 , 40
102 , 40
102 , 41
103 , 40
103 , 40
103 , 40
102 , 40
103 , 40
102 , 40
103 , 40
102 , 40
103 , 40
104 , 41
103 , 41
103 , 40
104 , 40
103 , 41
103 , 40
103 , 41
104 , 40
103 , 40
104 , 40
103 , 41
103 , 40
104 , 41
104 , 40
104 , 41
104 , 40
103 , 40
104 , 40
104 , 41
104 , 41
104 , 41
104 , 40
104 , 40
104 , 41
104 , 40
104 , 40
105 , 41
104 , 40
105 , 40
105 , 41
104 , 41
104 , 40
105 , 41
104 , 41
105 , 41
104 , 41
105 , 41
105 , 42
105 , 42
105 , 41
105 , 42
105 , 41
105 , 42
106 , 42
105 , 41
105 , 41
106 , 41
105 , 41
106 , 41
105 , 42
105 , 41
106 , 42
106 , 41
106 , 41
106 , 42
106 , 41
106 , 42
106 , 41
106 , 43
106 , 42
106 , 41
106 , 42
107 , 42
106 , 43
107 , 42
106 , 43
107 , 41
106 , 42
107 , 41
106 , 41
106 , 41
106 , 42
107 , 41
107 , 42
106 , 42
106 , 42
106 , 42
107 , 41
107 , 41
107 , 42
107 , 41
107 , 42
107 , 43
107 , 42
107 , 43
107 , 42
107 , 43
107 , 43
108 , 42
107 , 43
108 , 42
107 , 42
108 , 43
108 , 42
108 , 42
108 , 43
108 , 42
108 , 43
108 , 42
108 , 43
108 , 42
108 , 42
108 , 43
108 , 43
109 , 42
109 , 43
109 , 42
108 , 43
109 , 42
108 , 43
108 , 43
109 , 43
109 , 42
109 , 43
109 , 42
109 , 42
109 , 43
109 , 42
109 , 43
110 , 43
109 , 44
110 , 43
109 , 43
110 , 43
110 , 43
110 , 44
110 , 43
110 , 44
110 , 44
110 , 43
111 , 43
110 , 44
111 , 44
110 , 43
111 , 44
110 , 44
111 , 43
110 , 44
111 , 44
111 , 43
110 , 44
111 , 44
111 , 43
111 , 43
111 , 44
111 , 43
111 , 44
111 , 43
111 , 44
111 , 43
111 , 44
112 , 44
111 , 44
112 , 45
112 , 45
113 , 44
112 , 44
112 , 45
112 , 44
113 , 45
113 , 44
112 , 44
113 , 44
113 , 45
113 , 45
113 , 44
114 , 44
113 , 44
113 , 44
113 , 46
113 , 45
113 , 45
114 , 45
113 , 45
114 , 45
114 , 45
114 , 44
113 , 45
114 , 45
114 , 44
113 , 44
114 , 45
113 , 45
114 , 46
114 , 45
114 , 44
114 , 45
114 , 44
114 , 45
115 , 44
114 , 45
114 , 46
115 , 45
115 , 46
114 , 45
114 , 45
115 , 45
114 , 45
115 , 45
115 , 46
115 , 45
115 , 45
115 , 46
115 , 45
115 , 46
115 , 45
115 , 46
115 , 45
116 , 45
115 , 46
116 , 46
115 , 46
115 , 45
116 , 46
116 , 45
116 , 46
115 , 46
116 , 45
116 , 46
116 , 45
116 , 46
116 , 47
116 , 45
116 , 47
116 , 46
117 , 47
117 , 46
117 , 45
116 , 46
117 , 46
117 , 47
116 , 46
117 , 46
117 , 47
117 , 46
117 , 47
117 , 47
117 , 46
117 , 47
117 , 47
117 , 46
117 , 47
117 , 46
117 , 47
117 , 46
117 , 47
117 , 46
118 , 46
117 , 46
118 , 46
117 , 46
118 , 46
117 , 46
117 , 47
118 , 46
117 , 46
118 , 46
118 , 46
117 , 46
118 , 46
118 , 46
118 , 47
118 , 46
118 , 47
118 , 46
118 , 47
119 , 47
119 , 47
118 , 47
119 , 47
119 , 48
119 , 47
119 , 48
120 , 47
119 , 47
119 , 48
119 , 47
120 , 47
119 , 48
120 , 47
119 , 47
120 , 48
120 , 47
120 , 48
120 , 47
120 , 47
120 , 48
121 , 48
120 , 48
120 , 48
120 , 48
120 , 47
121 , 48
120 , 47
121 , 47
120 , 48
120 , 47
120 , 48
120 , 47
121 , 48
120 , 47
120 , 48
121 , 48
121 , 47
121 , 48
121 , 47
121 , 48
120 , 47
121 , 48
121 , 47
121 , 47
121 , 48
121 , 47
121 , 48
122 , 48
122 , 48
122 , 48
121 , 48
121 , 48
121 , 48
122 , 49
122 , 49
122 , 48
122 , 49
122 , 48
123 , 48
122 , 49
122 , 49
122 , 48
122 , 49
122 , 48
123 , 49
123 , 48
123 , 49
122 , 48
123 , 48
122 , 49
123 , 48
122 , 49
123 , 48
123 , 49
122 , 49
123 , 48
123 , 48
123 , 49
123 , 50
123 , 49
123 , 48
123 , 49
124 , 49
123 , 50
123 , 49
124 , 49
123 , 50
123 , 48
123 , 49
123 , 48
124 , 48
123 , 49
124 , 49
123 , 49
124 , 49
123 , 49
123 , 49
124 , 48
124 , 49
125 , 50
124 , 49
125 , 50
125 , 49
124 , 50
125 , 49
125 , 49
125 , 50
125 , 49
125 , 50
125 , 49
125 , 50
125 , 49
125 , 50
125 , 49
125 , 50
125 , 49
125 , 50
126 , 50
125 , 50
126 , 50
125 , 49
125 , 50
126 , 50
126 , 49
126 , 50
125 , 50
126 , 50
125 , 50
126 , 51
126 , 50
126 , 50
126 , 49
126 , 50
126 , 51
126 , 50
127 , 50
127 , 50
126 , 51
127 , 50
126 , 51
126 , 50
126 , 50
127 , 50
126 , 51
126 , 50
127 , 50
127 , 50
126 , 50
127 , 50
126 , 50
127 , 50
127 , 51
127 , 51
126 , 50
127 , 50
126 , 50
127 , 51
127 , 50
127 , 51
127 , 50
127 , 51
127 , 51
127 , 50
127 , 51
127 , 51
127 , 51
127 , 50
127 , 51
127 , 50
128 , 51
127 , 50
127 , 51
127 , 50
128 , 51
127 , 51
128 , 50
127 , 51
128 , 50
127 , 51
127 , 50
128 , 50
128 , 50
128 , 51
128 , 52
129 , 51
128 , 51
128 , 50
129 , 51
128 , 51
129 , 51
129 , 50
129 , 52
129 , 51
129 , 51
129 , 52
129 , 51
129 , 52
129 , 52
129 , 51
129 , 52
130 , 51
129 , 51
130 , 51
129 , 52
129 , 51
130 , 52
129 , 51
129 , 52
129 , 51
129 , 51
129 , 52
129 , 51
130 , 51
129 , 52
130 , 51
130 , 52
129 , 52
130 , 52
130 , 51
129 , 51
130 , 51
130 , 52
130 , 52
130 , 51
130 , 52
130 , 51
130 , 52
130 , 51
130 , 52
130 , 51
131 , 52
130 , 52
130 , 51
131 , 52
130 , 52
130 , 52
131 , 52
130 , 52
130 , 52
131 , 52
131 , 53
131 , 53
131 , 53
131 , 53
131 , 52
131 , 53
131 , 53
131 , 52
131 , 53
131 , 53
131 , 52
131 , 53
132 , 53
132 , 52
131 , 53
131 , 52
132 , 53
132 , 54
132 , 53
132 , 53
131 , 53
132 , 53
132 , 52
132 , 53
132 , 52
132 , 52
132 , 53
132 , 52
132 , 53
132 , 52
132 , 52
132 , 52
132 , 53
132 , 52
132 , 53
132 , 53
132 , 53
132 , 52
133 , 52
132 , 53
132 , 52
132 , 52
132 , 52
133 , 53
132 , 53
132 , 53
132 , 53
133 , 53
133 , 52
133 , 53
133 , 52
133 , 53
133 , 52
133 , 52
133 , 53
133 , 52
133 , 54
133 , 53
133 , 54
134 , 53
133 , 53
134 , 53
133 , 53
134 , 53
134 , 54
135 , 53
134 , 54
135 , 53
134 , 55
135 , 53
134 , 54
134 , 53
135 , 54
134 , 54
134 , 54
134 , 54
135 , 53
135 , 54
135 , 53
134 , 54
135 , 53
135 , 54
135 , 54
134 , 54
135 , 54
134 , 54
135 , 54
135 , 53
134 , 54
135 , 54
135 , 54
135 , 53
135 , 54
135 , 53
135 , 53
135 , 53
135 , 53
135 , 54
136 , 54
135 , 53
136 , 54
135 , 54
136 , 54
136 , 53
136 , 53
136 , 54
136 , 55
136 , 54
136 , 55
136 , 54
136 , 55
137 , 54
136 , 54
136 , 55
137 , 54
137 , 54
136 , 54
137 , 54
136 , 54
137 , 55
137 , 54
137 , 55
137 , 54
137 , 55
137 , 54
137 , 55
137 , 54
137 , 54
137 , 55
138 , 55
137 , 55
137 , 55
137 , 54
138 , 54
138 , 55
137 , 55
138 , 55
137 , 55
138 , 55
137 , 55
138 , 54
137 , 55
138 , 55
137 , 55
138 , 55
137 , 54
138 , 54
138 , 55
138 , 54
137 , 55
138 , 54
138 , 55
138 , 54
138 , 55
138 , 55
139 , 55
139 , 55
138 , 55
138 , 55
139 , 55
139 , 56
139 , 55
139 , 56
139 , 54
139 , 55
140 , 56
140 , 56
139 , 55
140 , 56
139 , 55
140 , 56
140 , 55
139 , 56
139 , 55
140 , 55
140 , 55
140 , 56
139 , 56
140 , 56
140 , 55
140 , 55
140 , 56
140 , 55
140 , 56
140 , 55
140 , 56
140 , 55
140 , 55
140 , 56
140 , 55
140 , 56
140 , 55
140 , 56
140 , 56
140 , 57
140 , 56
140 , 55
140 , 56
141 , 56
140 , 57
141 , 56
140 , 56
141 , 55
140 , 55
140 , 56
141 , 56
140 , 56
141 , 57
141 , 56
141 , 55
141 , 56
141 , 55
141 , 57
141 , 55
142 , 56
142 , 56
141 , 56
142 , 56
141 , 56
142 , 56
141 , 56
142 , 57
142 , 56
142 , 57
142 , 57
142 , 56
142 , 57
142 , 57
143 , 56
142 , 57
142 , 56
143 , 56
142 , 56
142 , 57
143 , 57
142 , 57
143 , 56
143 , 57
143 , 57
143 , 56
143 , 57
143 , 56
143 , 56
143 , 56
143 , 57
144 , 57
144 , 58
144 , 57
144 , 58
144 , 57
144 , 58
144 , 57
144 , 58
144 , 57
144 , 58
144 , 58
144 , 57
144 , 58
144 , 57
145 , 57
144 , 57
145 , 57
145 , 57
145 , 58
144 , 58
145 , 58
144 , 57
145 , 57
145 , 58
145 , 57
144 , 58
145 , 58
145 , 58
145 , 57
145 , 58
145 , 57
145 , 58
145 , 57
145 , 58
145 , 57
146 , 57
145 , 58
146 , 58
145 , 57
145 , 58
145 , 57
145 , 58
146 , 57
146 , 57
146 , 58
147 , 58
146 , 58
147 , 58
147 , 58
146 , 58
147 , 58
147 , 59
147 , 58
147 , 58
147 , 59
147 , 58
148 , 59
147 , 59
148 , 59
148 , 58
147 , 58
148 , 59
148 , 58
148 , 59
148 , 58
148 , 59
148 , 58
148 , 59
148 , 59
148 , 58
148 , 59
149 , 59
148 , 59
148 , 58
149 , 58
148 , 59
148 , 58
148 , 59
149 , 59
148 , 59
149 , 59
148 , 59
149 , 59
148 , 59
149 , 59
149 , 59
149 , 58
148 , 59
149 , 59
149 , 58
149 , 58
149 , 58
149 , 59
149 , 58
149 , 59
149 , 58
149 , 59
150 , 59
149 , 59
150 , 59
150 , 59
149 , 59
149 , 58
150 , 60
150 , 60
150 , 60
150 , 59
150 , 58
150 , 59
150 , 60
150 , 59
150 , 60
150 , 59
150 , 60
150 , 59
150 , 60
150 , 59
150 , 59
150 , 60
151 , 60
151 , 60
151 , 59
151 , 60
151 , 59
151 , 59
152 , 60
151 , 59
151 , 60
152 , 59
151 , 60
151 , 59
151 , 60
152 , 59
152 , 60
152 , 59
152 , 60
152 , 59
152 , 60
152 , 61
152 , 59
152 , 61
153 , 60
153 , 60
152 , 61
152 , 60
152 , 60
153 , 60
153 , 60
153 , 61
153 , 61
153 , 61
153 , 61
153 , 60
153 , 61
154 , 61
154 , 60
153 , 61
153 , 61
154 , 60
154 , 61
154 , 61
153 , 61
154 , 62
154 , 61
154 , 60
154 , 61
155 , 61
155 , 60
154 , 61
155 , 61
155 , 60
154 , 61
155 , 61
155 , 62
155 , 61
156 , 61
156 , 62
156 , 61
156 , 62
156 , 61
156 , 62
156 , 61
156 , 62
156 , 61
156 , 62
156 , 62
156 , 61
157 , 61
157 , 62
156 , 62
157 , 62
156 , 62
157 , 62
157 , 61
157 , 62
156 , 62
157 , 62
157 , 61
157 , 62
158 , 61
157 , 61
157 , 62
157 , 61
157 , 62
157 , 63
157 , 62
157 , 61
157 , 62
157 , 61
157 , 62
157 , 61
157 , 61
156 , 61
157 , 61
157 , 62
157 , 62
157 , 61
157 , 61
157 , 62
157 , 61
157 , 61
157 , 62
157 , 61
157 , 61
157 , 61
157 , 62
157 , 61
157 , 62
157 , 61
157 , 61
157 , 62
157 , 61
157 , 62
157 , 61
157 , 62
157 , 61
157 , 62
157 , 61
157 , 61
157 , 62
157 , 61
157 , 61
157 , 61
157 , 61
157 , 62
158 , 62
157 , 62
157 , 61
157 , 61
157 , 62
157 , 61
157 , 61
157 , 61
157 , 62
157 , 61
157 , 62
157 , 62
157 , 63
157 , 62
157 , 62
156 , 61
157 , 62
157 , 61
157 , 62
156 , 62
157 , 61
157 , 61
157 , 62
157 , 62
156 , 62
157 , 62
157 , 61
157 , 61
157 , 62
157 , 62
157 , 61
157 , 62
157 , 61
157 , 61
157 , 62
157 , 61
157 , 62
157 , 61
157 , 62
157 , 61
157 , 62
157 , 61
157 , 61
157 , 61
157 , 61
157 , 62
157 , 61
157 , 62
157 , 61
157 , 62
157 , 61
157 , 62
157 , 61
157 , 62
157 , 61
157 , 62
156 , 62
157 , 62
157 , 61
157 , 62
157 , 61
157 , 61
157 , 62
157 , 61
157 , 62
157 , 61
157 , 62
157 , 61
157 , 62
157 , 61
157 , 61
157 , 62
157 , 61
157 , 61
157 , 62
157 , 61
157 , 62
157 , 61
157 , 62
157 , 61
157 , 61
158 , 61
157 , 62
157 , 61
157 , 62
157 , 61
157 , 62
156 , 62
157 , 61
157 , 62
157 , 61
156 , 62
157 , 61
157 , 62
157 , 61
157 , 62
157 , 62
157 , 61
157 , 62
157 , 62
157 , 62
157 , 61
157 , 62
157 , 61
157 , 62
157 , 61
157 , 61
157 , 62
157 , 61
157 , 62
157 , 61
157 , 62
157 , 61
157 , 62
157 , 61
157 , 62
157 , 62
157 , 61
157 , 62
157 , 61
157 , 61
157 , 62
157 , 61
157 , 62
157 , 61
157 , 62
157 , 61
157 , 62
157 , 61
157 , 62
157 , 62
157 , 61
157 , 62
158 , 61
157 , 62
157 , 63
157 , 62
157 , 61
157 , 63
157 , 62
157 , 62
157 , 61
157 , 61
157 , 61
157 , 62
157 , 61
157 , 61
157 , 62
157 , 61
157 , 62
156 , 62
157 , 62
157 , 62
157 , 62
157 , 62
157 , 62
157 , 61
157 , 62
157 , 61
157 , 62
157 , 62
157 , 61
157 , 61
157 , 62
157 , 61
157 , 62
157 , 62
157 , 61
157 , 62
157 , 61
157 , 62
157 , 61
157 , 62
157 , 61
157 , 62
157 , 61
158 , 61
157 , 62
158 , 62
157 , 62
158 , 62
157 , 62
157 , 62
157 , 61
157 , 61
158 , 62
157 , 62
157 , 62
157 , 61
158 , 62
157 , 63
157 , 61
157 , 62
157 , 61
157 , 62
157 , 61
157 , 62
157 , 61
157 , 62
157 , 61
157 , 62
157 , 62
157 , 61
157 , 62
157 , 62
157 , 62
157 , 61
157 , 62
157 , 62
157 , 61
157 , 62
157 , 61
157 , 62
157 , 61
157 , 61
157 , 61
157 , 61
157 , 61
157 , 62
157 , 61
157 , 62
157 , 62
157 , 61
157 , 62
157 , 61
157 , 62
158 , 62
157 , 61
158 , 61
157 , 62
157 , 61
157 , 61
157 , 62
157 , 61
157 , 61
158 , 62
157 , 62
157 , 61
157 , 62
157 , 61
157 , 62
156 , 62
157 , 61
157 , 62
157 , 61
157 , 61
157 , 61
157 , 62
157 , 61
157 , 62
157 , 61
157 , 62
157 , 61
157 , 62
157 , 61
157 , 62
157 , 61
157 , 61
157 , 62
157 , 61
157 , 62
157 , 62
157 , 62
157 , 61
157 , 61
157 , 62
157 , 62
157 , 62
157 , 61
157 , 61
157 , 62
157 , 62
157 , 61
157 , 62
157 , 61
157 , 61
157 , 62
157 , 61
157 , 62
157 , 61
157 , 62
157 , 61
158 , 61
157 , 62
157 , 61
157 , 62
157 , 61
157 , 62
158 , 62
157 , 62
157 , 61
157 , 62
157 , 63
157 , 62
157 , 61
157 , 62
157 , 61
157 , 62
157 , 61
157 , 62
157 , 61
157 , 62
157 , 61
157 , 62
157 , 61
157 , 62
157 , 61
157 , 62
157 , 62
157 , 61
157 , 62
157 , 61
157 , 62
157 , 61
157 , 62
156 , 62
157 , 62
156 , 61
157 , 62
157 , 61
156 , 62
157 , 61
157 , 62
156 , 62
157 , 61
157 , 62
157 , 61
157 , 63
156 , 62
157 , 61
157 , 62
157 , 61
157 , 61
157 , 63
157 , 62
157 , 61
157 , 62
157 , 61
157 , 61
157 , 62
157 , 61
157 , 62
157 , 61
157 , 61
158 , 62
157 , 61
157 , 61
157 , 62
157 , 61
157 , 62
157 , 61
157 , 62
157 , 61
157 , 62
157 , 61
156 , 62
156 , 62
157 , 61
157 , 62
156 , 62
157 , 61
157 , 62
157 , 61
156 , 62
157 , 61
157 , 62
157 , 61
157 , 61
157 , 61
157 , 62
157 , 61
157 , 62
157 , 61
157 , 62
157 , 61
157 , 62
157 , 61
157 , 61
157 , 62
157 , 61
157 , 61
157 , 61
157 , 62
157 , 61
157 , 62
157 , 61
157 , 62
157 , 61
157 , 61
157 , 62
157 , 61
157 , 62
158 , 62
157 , 62
157 , 63
157 , 62
157 , 61
157 , 62
157 , 61
157 , 61
157 , 62
158 , 62
157 , 61
157 , 63
157 , 61
157 , 61
157 , 62
156 , 61
157 , 62
157 , 62
157 , 61
157 , 62
157 , 61
157 , 62
157 , 61
157 , 61
157 , 62
157 , 62
157 , 61
157 , 61
157 , 61
157 , 62
157 , 61
157 , 62
157 , 61
157 , 62
157 , 61
157 , 62
157 , 61
157 , 62
157 , 61
157 , 62
157 , 62
157 , 61
157 , 62
157 , 61
156 , 61
157 , 61
157 , 62
157 , 61
157 , 61
157 , 62
157 , 61
157 , 61
157 , 61
157 , 62
157 , 61
157 , 61
157 , 61
157 , 62
158 , 61
156 , 62
157 , 61
157 , 62
157 , 61
157 , 62
157 , 61
157 , 62
157 , 61
157 , 62
157 , 61
157 , 62
157 , 61
156 , 62
157 , 62
157 , 61
157 , 62
156 , 62
157 , 61
157 , 62
157 , 61
157 , 62
157 , 61
157 , 62
157 , 61
157 , 61
157 , 62
157 , 61
157 , 62
157 , 61
157 , 62
157 , 61
157 , 61
157 , 62
157 , 62
157 , 61
157 , 61
157 , 62
157 , 61
157 , 62
157 , 61
157 , 62
157 , 61
157 , 62
157 , 61
157 , 62
157 , 61
157 , 62
157 , 61
157 , 62
157 , 61
157 , 61
157 , 62
157 , 61
157 , 62
157 , 61
157 , 61
157 , 62
157 , 61
157 , 62
157 , 61
157 , 62
157 , 61
157 , 62
157 , 61
157 , 62
157 , 63
157 , 62
157 , 61
157 , 62
157 , 62
157 , 61
157 , 62
157 , 61
157 , 62
157 , 61
157 , 61
156 , 61
156 , 62
157 , 62
157 , 62
157 , 61
157 , 62
157 , 61
157 , 62
157 , 61
157 , 61
157 , 62
157 , 61
157 , 62
157 , 61
157 , 62
157 , 62
157 , 61
157 , 61
157 , 62
157 , 62
157 , 61
157 , 62
157 , 61
157 , 62
157 , 61
157 , 61
157 , 62
157 , 61
157 , 61
158 , 62
157 , 62
157 , 61
157 , 62
157 , 61
157 , 61
157 , 62
157 , 62
157 , 63
157 , 62
157 , 61
157 , 62
157 , 61
157 , 62
157 , 61
157 , 61
157 , 62
157 , 61
157 , 62
157 , 62
156 , 62
157 , 61
157 , 61
157 , 62
157 , 61
157 , 62
157 , 61
157 , 61
156 , 61
157 , 61
157 , 62
157 , 61
157 , 62
157 , 61
157 , 62
157 , 61
157 , 62
157 , 62
157 , 61
157 , 62
157 , 61
157 , 62
157 , 61
157 , 61
157 , 62
157 , 61
157 , 62
157 , 61
157 , 62
157 , 61
157 , 62
157 , 62
157 , 61
157 , 62
157 , 61
157 , 62
157 , 61
157 , 62
157 , 61
157 , 62
157 , 61
157 , 62
157 , 62
157 , 61
157 , 62
157 , 61
157 , 61
157 , 62
157 , 61
157 , 63
157 , 62
157 , 61
157 , 62
157 , 62
157 , 61
157 , 62
157 , 62
157 , 62
157 , 61
158 , 61
157 , 62
157 , 61
157 , 62
157 , 61
157 , 62
157 , 61
157 , 62
156 , 62
157 , 61
156 , 62
157 , 61
157 , 62
157 , 62
157 , 61
157 , 62
157 , 61
157 , 62
157 , 62
157 , 61
157 , 62
157 , 61
157 , 62
157 , 61
157 , 62
157 , 62
157 , 61
157 , 62
157 , 61
157 , 62
157 , 61
157 , 62
157 , 62
157 , 62
157 , 61
157 , 62
157 , 61
157 , 62
157 , 61
157 , 62
157 , 62
157 , 61
157 , 62
157 , 61
157 , 62
157 , 62
157 , 61
157 , 62
157 , 61
157 , 60
157 , 62
157 , 62
157 , 61
157 , 62
157 , 61
157 , 62
157 , 61
156 , 61
157 , 61
156 , 61
157 , 61
156 , 61
157 , 61
156 , 61
156 , 60
156 , 61
157 , 61
156 , 60
157 , 61
156 , 61
157 , 61
156 , 61
156 , 60
156 , 60
156 , 61
157 , 61
156 , 61
156 , 60
156 , 61
156 , 62
156 , 60
156 , 61
156 , 60
156 , 61
156 , 60
156 , 61
156 , 60
156 , 61
156 , 61
155 , 61
156 , 60
155 , 60
156 , 61
155 , 60
155 , 60
155 , 61
155 , 60
155 , 61
155 , 61
155 , 60
155 , 60
154 , 61
154 , 60
155 , 61
154 , 61
155 , 60
155 , 61
154 , 60
155 , 61
154 , 61
154 , 60
155 , 60
154 , 60
155 , 60
154 , 60
155 , 61
155 , 60
154 , 61
154 , 61
155 , 60
154 , 60
154 , 61
154 , 60
153 , 60
153 , 60
154 , 60
153 , 60
153 , 60
154 , 60
153 , 60
153 , 59
153 , 60
153 , 59
153 , 61
153 , 59
153 , 59
153 , 60
153 , 59
153 , 60
153 , 59
153 , 60
152 , 60
153 , 59
152 , 59
153 , 59
152 , 60
153 , 60
152 , 60
152 , 60
152 , 60
152 , 60
152 , 59
152 , 60
152 , 59
152 , 60
152 , 59
152 , 60
152 , 60
152 , 59
152 , 60
152 , 59
152 , 60
152 , 59
151 , 59
152 , 59
151 , 59
151 , 59
152 , 59
151 , 59
151 , 60
151 , 59
152 , 59
151 , 60
152 , 60
151 , 60
152 , 59
151 , 60
151 , 59
152 , 59
151 , 59
151 , 59
151 , 60
151 , 59
150 , 59
151 , 60
151 , 58
151 , 59
150 , 59
150 , 60
150 , 58
150 , 59
150 , 58
150 , 59
150 , 58
150 , 58
150 , 59
149 , 58
149 , 58
149 , 59
150 , 58
150 , 59
149 , 58
150 , 59
149 , 58
149 , 59
149 , 58
149 , 58
149 , 59
149 , 59
149 , 58
149 , 59
148 , 58
148 , 59
148 , 58
148 , 59
147 , 58
147 , 57
147 , 58
147 , 57
147 , 57
147 , 58
147 , 58
146 , 57
146 , 58
147 , 57
146 , 58
146 , 57
146 , 58
147 , 58
146 , 57
146 , 58
146 , 58
146 , 57
145 , 58
146 , 58
145 , 57
145 , 57
146 , 57
145 , 58
144 , 57
144 , 57
145 , 57
144 , 57
144 , 56
144 , 57
144 , 56
144 , 57
144 , 56
144 , 57
144 , 56
144 , 56
144 , 57
143 , 57
144 , 56
144 , 57
144 , 56
143 , 57
143 , 56
143 , 57
144 , 57
143 , 57
143 , 57
143 , 57
143 , 57
143 , 56
142 , 56
142 , 56
143 , 57
143 , 56
143 , 56
142 , 57
142 , 56
142 , 55
142 , 56
141 , 55
142 , 55
142 , 55
141 , 56
141 , 55
142 , 56
141 , 56
141 , 55
141 , 55
141 , 56
141 , 55
141 , 56
141 , 55
141 , 56
141 , 55
141 , 56
141 , 56
140 , 54
139 , 55
140 , 55
140 , 54
139 , 55
140 , 55
140 , 55
139 , 54
139 , 54
139 , 55
139 , 54
139 , 54
139 , 55
139 , 54
139 , 55
138 , 54
139 , 55
138 , 54
139 , 55
139 , 54
139 , 55
138 , 54
138 , 55
138 , 54
138 , 54
138 , 55
138 , 54
138 , 53
138 , 55
137 , 54
138 , 54
137 , 55
138 , 54
137 , 55
137 , 54
138 , 54
138 , 54
137 , 54
137 , 55
138 , 54
137 , 54
137 , 55
137 , 54
138 , 54
137 , 53
137 , 54
136 , 54
137 , 54
136 , 54
136 , 53
136 , 54
136 , 53
136 , 54
136 , 53
136 , 54
136 , 54
135 , 53
136 , 53
136 , 54
136 , 54
136 , 53
136 , 54
135 , 54
135 , 53
136 , 53
135 , 53
136 , 53
136 , 53
135 , 53
135 , 54
135 , 54
135 , 53
134 , 53
134 , 53
133 , 53
134 , 52
134 , 52
133 , 53
133 , 52
133 , 53
133 , 52
133 , 53
133 , 52
133 , 53
133 , 52
133 , 52
133 , 53
133 , 52
133 , 53
133 , 52
133 , 53
133 , 52
132 , 53
132 , 53
132 , 53
132 , 53
132 , 52
132 , 53
132 , 52
133 , 52
132 , 51
131 , 52
131 , 51
131 , 52
132 , 52
131 , 52
132 , 52
131 , 51
131 , 51
130 , 51
131 , 51
130 , 52
131 , 52
130 , 51
131 , 51
130 , 51
130 , 52
130 , 51
130 , 52
130 , 51
129 , 51
130 , 51
129 , 51
130 , 51
129 , 51
128 , 51
129 , 51
128 , 51
128 , 50
129 , 50
128 , 51
128 , 50
128 , 51
128 , 51
128 , 51
128 , 50
128 , 51
128 , 50
127 , 50
128 , 50
127 , 50
128 , 50
127 , 51
127 , 50
127 , 50
126 , 50
127 , 50
127 , 51
127 , 49
126 , 50
126 , 50
126 , 49
126 , 50
127 , 50
126 , 49
126 , 49
127 , 49
126 , 50
126 , 50
126 , 49
126 , 49
126 , 50
126 , 49
125 , 49
125 , 50
126 , 49
124 , 49
125 , 49
124 , 49
125 , 49
125 , 49
124 , 49
124 , 48
124 , 49
123 , 48
124 , 49
123 , 48
123 , 48
123 , 49
123 , 49
123 , 48
123 , 48
122 , 49
122 , 48
123 , 48
122 , 48
123 , 48
122 , 48
121 , 48
122 , 47
121 , 48
122 , 48
121 , 48
122 , 48
121 , 48
122 , 47
121 , 48
122 , 48
121 , 47
121 , 48
121 , 48
120 , 47
120 , 48
121 , 47
120 , 47
120 , 48
121 , 47
120 , 48
120 , 47
120 , 46
120 , 47
119 , 47
120 , 48
120 , 47
119 , 47
120 , 47
119 , 46
119 , 47
119 , 46
119 , 47
119 , 46
119 , 47
119 , 46
119 , 47
119 , 46
119 , 47
119 , 46
118 , 46
118 , 47
118 , 47
119 , 46
118 , 46
118 , 47
118 , 46
118 , 47
118 , 46
118 , 47
118 , 47
117 , 46
118 , 46
117 , 45
118 , 46
117 , 46
118 , 46
117 , 46
118 , 46
117 , 45
117 , 46
118 , 46
117 , 45
117 , 46
117 , 45
117 , 46
117 , 45
117 , 46
116 , 46
117 , 45
116 , 46
117 , 45
116 , 46
116 , 45
117 , 45
115 , 46
116 , 45
116 , 46
116 , 46
116 , 45
116 , 46
116 , 45
116 , 46
116 , 45
116 , 45
116 , 45
115 , 46
115 , 46
114 , 44
114 , 45
115 , 45
114 , 44
115 , 45
115 , 44
114 , 45
114 , 44
114 , 45
114 , 44
114 , 45
114 , 44
114 , 45
114 , 45
114 , 45
114 , 44
113 , 44
114 , 44
114 , 44
113 , 45
113 , 44
113 , 45
113 , 44
112 , 44
113 , 44
112 , 44
113 , 44
112 , 44
113 , 44
112 , 44
112 , 45
113 , 43
113 , 44
113 , 43
112 , 45
112 , 43
112 , 45
111 , 44
112 , 43
112 , 44
111 , 43
111 , 44
111 , 43
111 , 44
111 , 43
111 , 44
111 , 44
111 , 43
110 , 43
111 , 43
110 , 44
110 , 42
110 , 43
109 , 42
110 , 42
110 , 43
110 , 42
109 , 43
109 , 42
109 , 43
110 , 43
109 , 42
109 , 43
109 , 42
109 , 43
109 , 43
109 , 42
109 , 43
109 , 43
109 , 43
109 , 42
109 , 43
108 , 43
109 , 43
108 , 43
108 , 42
108 , 43
109 , 42
108 , 42
108 , 43
109 , 42
109 , 42
108 , 42
109 , 42
108 , 42
108 , 41
107 , 42
108 , 42
107 , 42
107 , 42
107 , 41
107 , 42
107 , 41
107 , 42
108 , 42
107 , 42
107 , 41
107 , 41
107 , 42
107 , 42
107 , 42
107 , 41
107 , 42
107 , 41
106 , 41
107 , 41
106 , 42
106 , 41
106 , 41
106 , 42
107 , 41
106 , 42
106 , 42
106 , 42
106 , 42
106 , 41
105 , 41
106 , 41
105 , 41
106 , 42
105 , 41
106 , 41
105 , 40
105 , 41
105 , 42
106 , 41
105 , 41
105 , 40
105 , 40
105 , 41
105 , 40
105 , 41
104 , 41
105 , 40
105 , 41
104 , 40
105 , 40
105 , 41
104 , 41
104 , 40
104 , 41
105 , 41
104 , 41
104 , 40
105 , 40
105 , 40
104 , 41
104 , 40
104 , 41
104 , 40
104 , 41
104 , 40
103 , 41
104 , 40
103 , 40
104 , 40
104 , 41
104 , 40
103 , 40
104 , 40
103 , 40
104 , 40
104 , 40
103 , 40
103 , 39
103 , 39
103 , 40
103 , 39
103 , 40
102 , 40
103 , 39
102 , 40
103 , 39
103 , 40
103 , 40
102 , 40
102 , 39
102 , 40
103 , 40
102 , 40
102 , 40
102 , 39
102 , 40
102 , 40
102 , 39
102 , 40
102 , 39
102 , 40
102 , 39
102 , 39
101 , 39
102 , 39
101 , 39
102 , 39
101 , 40
102 , 39
102 , 39
100 , 39
101 , 38
101 , 39
100 , 39
100 , 40
100 , 38
100 , 40
101 , 38
100 , 39
100 , 39
100 , 39
100 , 39
100 , 38
100 , 38
99 , 39
100 , 39
99 , 39
99 , 38
100 , 38
100 , 39
100 , 38
99 , 37
99 , 38
99 , 38
99 , 37
99 , 39
99 , 38
99 , 37
98 , 38
99 , 38
98 , 38
99 , 37
99 , 38
99 , 37
98 , 38
98 , 39
99 , 38
98 , 38
98 , 38
98 , 38
99 , 37
98 , 37
98 , 38
98 , 37
98 , 38
98 , 38
98 , 37
98 , 38
98 , 37
97 , 37
98 , 37
98 , 38
98 , 37
97 , 38
98 , 38
98 , 37
97 , 37
97 , 38
97 , 37
97 , 38
97 , 36
97 , 37
97 , 38
97 , 38
97 , 37
97 , 38
97 , 37
98 , 38
97 , 37
96 , 37
97 , 37
96 , 38
97 , 37
96 , 37
97 , 37
96 , 37
97 , 37
97 , 38
97 , 37
96 , 36
96 , 38
96 , 37
97 , 37
96 , 37
96 , 38
95 , 36
96 , 36
95 , 37
96 , 36
96 , 37
96 , 36
96 , 37
96 , 37
96 , 36
96 , 36
95 , 37
95 , 37
95 , 36
95 , 37
95 , 36
95 , 37
95 , 36
95 , 37
95 , 37
94 , 36
95 , 36
95 , 37
94 , 36
95 , 36
94 , 35
95 , 36
95 , 36
94 , 36
94 , 35
94 , 36
94 , 35
94 , 35
94 , 35
93 , 36
94 , 36
94 , 35
94 , 36
94 , 35
93 , 35
93 , 36
94 , 36
93 , 36
93 , 35
94 , 36
93 , 36
93 , 36
93 , 35
93 , 36
93 , 35
93 , 35
93 , 36
93 , 35
93 , 36
93 , 35
94 , 35
93 , 34
93 , 36
93 , 35
92 , 35
93 , 35
92 , 35
92 , 35
93 , 35
92 , 35
92 , 34
92 , 35
92 , 35
93 , 35
92 , 35
92 , 34
92 , 35
92 , 34
92 , 34
92 , 35
91 , 34
91 , 35
91 , 35
91 , 34
92 , 34
91 , 35
91 , 35
91 , 35
91 , 34
91 , 35
90 , 34
90 , 35
91 , 35
91 , 35
90 , 34
90 , 35
91 , 34
90 , 35
91 , 34
90 , 34
91 , 35
90 , 34
91 , 35
91 , 34
90 , 35
90 , 34
91 , 34
91 , 34
90 , 34
90 , 35
90 , 34
90 , 35
90 , 34
90 , 33
90 , 33
90 , 35
90 , 34
90 , 33
89 , 33
89 , 34
90 , 33
89 , 33
90 , 34
89 , 33
89 , 34
90 , 34
89 , 34
89 , 33
89 , 33
89 , 34
89 , 33
89 , 33
89 , 33
89 , 34
89 , 33
89 , 33
89 , 34
88 , 33
88 , 34
89 , 33
88 , 33
89 , 33
88 , 34
89 , 34
88 , 33
89 , 33
89 , 33
88 , 34
88 , 33
88 , 34
88 , 33
87 , 33
88 , 33
88 , 32
87 , 33
88 , 33
87 , 33
88 , 33
88 , 33
87 , 32
88 , 33
87 , 33
88 , 33
87 , 32
87 , 33
88 , 33
87 , 33
88 , 33
87 , 33
87 , 32
87 , 33
87 , 32
87 , 32
88 , 33
87 , 32
87 , 32
87 , 32
87 , 33
87 , 33
86 , 32
87 , 32
87 , 32
86 , 32
87 , 32
87 , 33
86 , 32
86 , 33
86 , 33
86 , 32
86 , 31
86 , 32
86 , 31
86 , 32
86 , 33
86 , 32
85 , 32
85 , 31
86 , 32
85 , 32
86 , 32
86 , 32
86 , 32
85 , 31
85 , 32
85 , 32
85 , 31
85 , 32
85 , 31
85 , 32
85 , 31
85 , 32
85 , 32
85 , 31
85 , 32
85 , 31
85 , 32
85 , 31
85 , 32
85 , 32
84 , 32
85 , 32
84 , 32
85 , 31
84 , 31
85 , 31
85 , 32
84 , 31
84 , 31
85 , 32
85 , 31
84 , 32
84 , 31
85 , 31
84 , 32
84 , 31
84 , 32
84 , 32
84 , 31
85 , 31
84 , 32
84 , 31
85 , 31
84 , 32
83 , 31
84 , 31
84 , 32
84 , 31
83 , 32
83 , 31
84 , 31
83 , 31
84 , 30
83 , 30
83 , 31
84 , 31
83 , 31
83 , 30
83 , 30
83 , 31
84 , 30
83 , 30
83 , 31
82 , 31
83 , 30
83 , 31
82 , 31
83 , 30
82 , 30
83 , 31
82 , 31
82 , 30
83 , 30
82 , 30
82 , 30
82 , 31
83 , 31
82 , 31
82 , 30
83 , 30
82 , 30
82 , 31
82 , 30
82 , 31
81 , 30
81 , 30
81 , 30
82 , 30
81 , 31
81 , 30
81 , 31
82 , 30
82 , 30
81 , 30
81 , 29
81 , 31
81 , 30
81 , 29
81 , 29
81 , 30
82 , 30
82 , 30
82 , 30
81 , 30
81 , 29
81 , 30
81 , 29
81 , 30
81 , 29
81 , 30
80 , 29
81 , 30
81 , 30
81 , 29
80 , 29
81 , 29
81 , 30
81 , 29
80 , 29
81 , 29
80 , 29
81 , 30
80 , 29
80 , 30
80 , 29
81 , 29
80 , 30
80 , 29
81 , 29
80 , 30
80 , 30
80 , 29
80 , 30
79 , 29
79 , 29
79 , 28
80 , 30
79 , 29
80 , 29
79 , 29
80 , 29
79 , 29
79 , 28
79 , 29
79 , 28
79 , 28
79 , 28
78 , 28
79 , 28
79 , 29
79 , 28
79 , 28
79 , 29
79 , 28
79 , 29
78 , 28
78 , 29
79 , 28
78 , 29
78 , 28
78 , 28
79 , 28
78 , 28
78 , 29
79 , 29
78 , 29
78 , 29
79 , 28
78 , 29
78 , 29
78 , 28
77 , 27
78 , 28
77 , 28
78 , 28
77 , 28
78 , 28
77 , 28
78 , 28
78 , 28
77 , 28
77 , 28
77 , 27
77 , 27
77 , 28
77 , 27
77 , 28
76 , 28
77 , 27
77 , 28
77 , 27
77 , 28
77 , 27
77 , 28
77 , 27
76 , 28
77 , 28
76 , 27
77 , 27
76 , 29
76 , 27
76 , 28
76 , 27
76 , 28
76 , 27
76 , 28
76 , 27
76 , 28
76 , 28
76 , 27
76 , 28
76 , 27
76 , 28
76 , 27
76 , 28
76 , 27
75 , 28
76 , 27
75 , 28
76 , 27
75 , 27
76 , 28
75 , 28
75 , 27
76 , 28
76 , 27
75 , 27
75 , 26
75 , 27
76 , 27
76 , 27
75 , 27
75 , 26
74 , 26
75 , 26
75 , 26
75 , 27
75 , 26
74 , 26
74 , 27
75 , 27
74 , 26
75 , 26
75 , 27
75 , 26
75 , 27
74 , 27
74 , 27
74 , 26
74 , 27
74 , 26
74 , 26
74 , 27
74 , 27
74 , 26
73 , 26
73 , 27
73 , 26
74 , 26
73 , 26
74 , 26
73 , 26
74 , 26
73 , 26
73 , 26
74 , 26
73 , 26
73 , 25
73 , 25
73 , 26
73 , 25
73 , 26
73 , 27
73 , 26
72 , 26
73 , 25
73 , 26
72 , 26
72 , 25
73 , 26
72 , 26
72 , 25
72 , 26
72 , 26
72 , 25
73 , 26
72 , 25
72 , 26
72 , 25
72 , 26
73 , 25
73 , 25
72 , 25
72 , 26
71 , 25
72 , 25
72 , 26
71 , 25
72 , 25
72 , 25
72 , 26
72 , 25
72 , 25
71 , 26
72 , 24
72 , 25
71 , 25
72 , 25
72 , 25
71 , 26
71 , 24
71 , 25
71 , 24
70 , 24
71 , 24
71 , 24
71 , 25
70 , 25
71 , 24
70 , 24
71 , 24
70 , 25
71 , 26
71 , 25
71 , 25
71 , 24
70 , 24
70 , 25
71 , 25
70 , 25
70 , 24
70 , 25
70 , 25
70 , 24
70 , 25
70 , 25
70 , 24
70 , 25
70 , 24
70 , 25
71 , 24
70 , 25
70 , 24
70 , 24
70 , 25
70 , 24
70 , 24
70 , 25
69 , 25
70 , 24
69 , 25
69 , 24
69 , 25
70 , 24
69 , 25
70 , 25
70 , 24
70 , 25
69 , 24
70 , 24
69 , 25
69 , 24
70 , 24
69 , 24
70 , 24
69 , 24
69 , 25
69 , 24
69 , 25
69 , 25
69 , 24
69 , 25
69 , 24
70 , 24
70 , 24
70 , 25
69 , 25
69 , 24
70 , 24
69 , 24
70 , 24
69 , 24
69 , 24
70 , 24
69 , 25
69 , 24
70 , 24
69 , 24
69 , 25
69 , 24
69 , 25
69 , 24
70 , 24
69 , 25
70 , 24
69 , 24
69 , 25
69 , 25
69 , 24
70 , 24
69 , 24
69 , 25
69 , 24
69 , 25
69 , 24
70 , 24
69 , 24
69 , 25
70 , 24
69 , 25
70 , 24
69 , 25
70 , 24
69 , 25
69 , 24
70 , 24
69 , 25
69 , 24
70 , 25
70 , 24
69 , 25
69 , 24
69 , 25
69 , 24
70 , 24
69 , 25
69 , 24
70 , 24
70 , 24
69 , 25
69 , 25
70 , 24
69 , 24
69 , 25
69 , 24
69 , 25
69 , 25
69 , 24
69 , 23
69 , 25
69 , 24
69 , 25
69 , 23
69 , 24
69 , 24
69 , 25
69 , 24
69 , 25
69 , 25
69 , 25
69 , 24
69 , 25
69 , 25
69 , 24
69 , 24
70 , 24
69 , 24
69 , 25
69 , 24
69 , 25
69 , 24
69 , 25
69 , 25
69 , 25
69 , 24
70 , 25
70 , 24
69 , 25
69 , 24
70 , 24
69 , 25
69 , 24
70 , 24
70 , 25
69 , 24
69 , 25
70 , 24
69 , 25
70 , 25
69 , 24
70 , 24
69 , 24
69 , 23
69 , 24
69 , 23
69 , 25
69 , 24
69 , 25
69 , 25
69 , 24
69 , 25
69 , 25
69 , 24
69 , 23
69 , 25
69 , 24
69 , 25
69 , 25
69 , 25
69 , 24
70 , 24
69 , 25
69 , 25
69 , 24
70 , 24
69 , 24
70 , 24
69 , 24
69 , 25
70 , 24
69 , 25
69 , 25
69 , 24
69 , 23
69 , 24
69 , 24
69 , 23
69 , 23
69 , 24
69 , 23
69 , 25
69 , 25
69 , 25
69 , 24
70 , 24
69 , 24
69 , 25
69 , 24
69 , 24
69 , 25
69 , 24
69 , 25
69 , 25
69 , 24
69 , 24
69 , 25
69 , 24
70 , 24
70 , 24
69 , 24
69 , 25
69 , 24
70 , 25
69 , 24
69 , 25
69 , 24
69 , 25
69 , 24
70 , 24
69 , 24
69 , 24
69 , 23
69 , 25
69 , 23
69 , 24
70 , 24
69 , 25
69 , 23
69 , 25
69 , 24
69 , 25
69 , 25
69 , 24
69 , 25
69 , 25
69 , 24
69 , 25
69 , 24
70 , 24
69 , 25
70 , 24
70 , 24
69 , 24
69 , 25
69 , 24
70 , 24
69 , 25
69 , 24
70 , 24
69 , 24
69 , 25
69 , 24
70 , 25
69 , 24
70 , 24
69 , 25
69 , 24
70 , 25
69 , 25
69 , 24
70 , 24
69 , 25
69 , 24
69 , 23
70 , 24
69 , 25
69 , 24
69 , 23
69 , 25
69 , 24
69 , 25
69 , 24
69 , 23
69 , 24
69 , 25
69 , 25
69 , 25
70 , 24
69 , 24
69 , 25
69 , 24
69 , 25
69 , 24
70 , 24
69 , 24
70 , 25
69 , 25
69 , 24
70 , 24
69 , 25
69 , 24
69 , 25
70 , 24
69 , 25
69 , 24
70 , 24
70 , 25
69 , 24
69 , 25
70 , 25
69 , 24
69 , 23
69 , 25
69 , 24
69 , 23
69 , 24
69 , 23
69 , 25
69 , 24
69 , 25
69 , 24
70 , 24
69 , 25
69 , 24
70 , 24
69 , 25
69 , 24
69 , 25
70 , 25
69 , 24
70 , 24
69 , 24
69 , 25
70 , 24
70 , 24
69 , 25
70 , 24
69 , 25
69 , 24
70 , 24
69 , 25
70 , 24
69 , 24
69 , 25
69 , 24
70 , 24
69 , 24
69 , 23
69 , 23
69 , 24
69 , 23
69 , 23
69 , 25
69 , 24
69 , 25
69 , 25
69 , 24
69 , 25
69 , 25
69 , 24
69 , 25
69 , 25
70 , 24
69 , 24
69 , 25
69 , 24
70 , 24
69 , 25
69 , 24
70 , 24
70 , 24
69 , 25
69 , 24
70 , 24
69 , 25
69 , 23
69 , 23
69 , 23
69 , 23
69 , 24
69 , 23
69 , 23
69 , 25
69 , 24
69 , 25
69 , 23
69 , 25
69 , 25
69 , 24
69 , 25
69 , 25
69 , 25
69 , 25
69 , 24
69 , 25
70 , 24
69 , 25
69 , 25
69 , 24
70 , 24
69 , 24
70 , 24
70 , 24
69 , 24
69 , 25
70 , 24
69 , 25
69 , 23
69 , 25
69 , 25
69 , 23
69 , 25
69 , 23
69 , 23
69 , 24
70 , 24
69 , 23
69 , 24
69 , 25
69 , 25
69 , 24
69 , 25
69 , 23
70 , 24
69 , 24
69 , 25
70 , 24
69 , 24
70 , 24
69 , 25
69 , 24
70 , 24
69 , 24
70 , 24
69 , 25
69 , 24
70 , 24
69 , 25
69 , 25
69 , 24
69 , 25
70 , 24
69 , 24
69 , 25
69 , 23
70 , 24
69 , 23
70 , 24
70 , 24
69 , 25
69 , 24
69 , 23
69 , 24
69 , 25
69 , 23
69 , 23
69 , 25
69 , 24
69 , 25
69 , 24
70 , 24
69 , 24
69 , 25
69 , 24
69 , 25
69 , 24
70 , 24
69 , 24
69 , 25
69 , 24
69 , 25
69 , 24
70 , 24
69 , 24
70 , 25
69 , 25
69 , 24
69 , 25
69 , 24
70 , 24
69 , 25
69 , 24
70 , 24
69 , 25
70 , 24
69 , 24
69 , 25
69 , 24
69 , 25
69 , 24
69 , 25
69 , 25
69 , 23
69 , 24
69 , 25
69 , 25
70 , 24
69 , 24
69 , 25
70 , 24
70 , 24
70 , 24
69 , 25
69 , 24
70 , 24
69 , 24
70 , 24
70 , 24
69 , 24
69 , 25
69 , 24
69 , 25
69 , 24
69 , 23
70 , 24
69 , 25
69 , 25
69 , 23
69 , 24
69 , 23
69 , 24
69 , 25
69 , 25
69 , 25
69 , 24
69 , 25
69 , 24
69 , 25
69 , 24
70 , 24
69 , 24
69 , 25
70 , 24
69 , 25
69 , 24
70 , 24
70 , 24
69 , 24
70 , 24
70 , 24
69 , 24
69 , 25
69 , 24
69 , 25
69 , 24
70 , 24
69 , 25
69 , 24
69 , 23
69 , 23
69 , 24
68 , 24
70 , 25
69 , 23
69 , 25
69 , 25
69 , 24
69 , 25
69 , 24
69 , 25
69 , 24
69 , 25
69 , 24
70 , 24
69 , 24
69 , 25
69 , 25
69 , 24
70 , 24
69 , 24
69 , 23
70 , 24
69 , 25
69 , 24
70 , 24
70 , 24
69 , 25
69 , 24
70 , 25
69 , 25
69 , 24
69 , 25
69 , 25
69 , 24
69 , 23
69 , 24
69 , 25
69 , 25
69 , 24
69 , 25
69 , 24
69 , 25
69 , 24
69 , 25
70 , 24
69 , 25
69 , 24
70 , 24
70 , 24
70 , 24
69 , 25
70 , 24
69 , 24
69 , 23
69 , 24
69 , 23
69 , 24
69 , 25
69 , 24
69 , 25
69 , 24
69 , 24
70 , 24
69 , 24
69 , 25
70 , 24
70 , 24
69 , 25
69 , 24
70 , 24
70 , 24
69 , 25
69 , 24
70 , 23
69 , 24
69 , 25
69 , 24
69 , 23
69 , 24
70 , 24
69 , 24
69 , 25
69 , 24
69 , 23
69 , 24
69 , 23
69 , 24
69 , 23
69 , 24
69 , 25
69 , 24
69 , 25
69 , 25
69 , 24
69 , 25
69 , 24
69 , 25
70 , 24
69 , 24
69 , 23
69 , 25
70 , 24
69 , 25
70 , 24
69 , 24
69 , 25
69 , 24
69 , 23
69 , 25
69 , 25
69 , 24
69 , 25
69 , 24
69 , 25
69 , 25
69 , 25
70 , 24
69 , 24
70 , 24
69 , 24
70 , 24
69 , 24
69 , 25
69 , 23
69 , 23
69 , 24
69 , 25
69 , 24
69 , 23
69 , 24
69 , 25
69 , 24
69 , 25
69 , 23
69 , 24
69 , 25
69 , 25
69 , 25
69 , 25
69 , 24
69 , 25
69 , 24
70 , 24
69 , 25
69 , 24
69 , 25
70 , 25
70 , 24
70 , 24
69 , 25
69 , 24
69 , 23
69 , 24
69 , 24
70 , 24
69 , 25
69 , 24
69 , 23
69 , 25
69 , 24
69 , 23
69 , 25
69 , 24
70 , 24
69 , 24
69 , 25
69 , 24
69 , 25
69 , 24
69 , 25
69 , 24
69 , 25
69 , 24
69 , 25
69 , 24
70 , 24
69 , 25
69 , 24
70 , 24
69 , 25
69 , 24
70 , 24
70 , 24
69 , 25
69 , 24
70 , 24
69 , 25
69 , 24
70 , 24
69 , 24
70 , 24
69 , 24
69 , 24
70 , 24
69 , 24
69 , 23
69 , 24
69 , 23
69 , 25
69 , 24
69 , 25
69 , 25
69 , 25
69 , 25
69 , 24
69 , 25
69 , 25
69 , 25
69 , 24
69 , 24
69 , 23
70 , 24
69 , 25
69 , 24
69 , 25
70 , 24
69 , 24
69 , 25
70 , 24
70 , 24
69 , 25
69 , 24
70 , 24
69 , 24
69 , 25
69 , 24
70 , 24
69 , 25
69 , 24
70 , 24
69 , 24
69 , 23
69 , 24
69 , 23
69 , 23
69 , 24
69 , 23
69 , 24
69 , 24
70 , 24
69 , 24
69 , 25
69 , 24
69 , 24
69 , 25
69 , 24
69 , 25
69 , 24
70 , 24
69 , 25
69 , 24
70 , 24
69 , 24
69 , 25
69 , 25
69 , 24
70 , 24
70 , 24
69 , 24
70 , 24
69 , 25
69 , 23
69 , 25
69 , 25
69 , 24
69 , 24
70 , 24
69 , 23
69 , 24
69 , 23
70 , 24
69 , 23
69 , 24
69 , 25
69 , 24
69 , 25
70 , 24
69 , 24
69 , 23
69 , 24
70 , 25
69 , 24
70 , 24
70 , 24
69 , 25
69 , 25
69 , 24
70 , 24
69 , 23
69 , 24
69 , 25
70 , 25
69 , 24
70 , 24
69 , 25
69 , 24
70 , 24
69 , 24
70 , 24
69 , 25
70 , 24
69 , 24
69 , 25
69 , 24
69 , 25
69 , 23
69 , 25
69 , 25
69 , 24
69 , 25
69 , 24
70 , 24
69 , 25
69 , 25
69 , 24
70 , 24
69 , 24
70 , 24
69 , 25
69 , 24
70 , 24
69 , 24
70 , 24
69 , 25
69 , 24
69 , 25
68 , 24
69 , 25
69 , 24
70 , 24
69 , 25
69 , 24
69 , 25
69 , 24
70 , 24
69 , 24
69 , 25
70 , 24
69 , 25
69 , 24
69 , 25
69 , 24
70 , 24
69 , 24
70 , 24
69 , 23
69 , 23
69 , 24
69 , 25
69 , 24
69 , 25
69 , 24
69 , 23
69 , 25
69 , 25
69 , 24
69 , 25
70 , 24
69 , 24
69 , 23
70 , 24
69 , 25
69 , 24
70 , 24
70 , 24
69 , 25
69 , 24
69 , 25
69 , 25
69 , 24
70 , 24
70 , 24
69 , 23
69 , 24
70 , 24
69 , 25
70 , 24
69 , 24
69 , 23
69 , 24
69 , 23
69 , 25
69 , 25
69 , 24
70 , 24
70 , 24
69 , 25
69 , 24
69 , 25
69 , 24
69 , 25
69 , 24
70 , 24
69 , 24
70 , 24
70 , 24
69 , 25
69 , 24
70 , 24
69 , 24
70 , 24
69 , 24
69 , 23
69 , 24
69 , 23
69 , 25
69 , 25
69 , 24
70 , 24
69 , 25
69 , 24
70 , 23
70 , 24
69 , 25
69 , 24
70 , 24
69 , 25
69 , 24
69 , 25
70 , 25
69 , 25
69 , 25
69 , 24
69 , 23
69 , 25
69 , 24
69 , 25
69 , 25
70 , 24
69 , 24
69 , 25
69 , 24
69 , 23
69 , 24
69 , 25
69 , 24
70 , 24
69 , 24
70 , 25
70 , 24
69 , 24
70 , 24
69 , 25
69 , 25
68 , 24
69 , 25
69 , 24
70 , 24
69 , 25
69 , 23
69 , 23
69 , 23
69 , 24
69 , 25
69 , 23
69 , 25
69 , 24
70 , 24
69 , 24
69 , 24
69 , 23
69 , 25
69 , 24
69 , 25
69 , 25
69 , 25
69 , 25
69 , 24
70 , 24
69 , 25
69 , 24
69 , 25
69 , 25
69 , 25
69 , 25
69 , 24
70 , 24
70 , 24
69 , 24
70 , 25
70 , 24
69 , 25
69 , 23
70 , 24
69 , 24
69 , 23
69 , 25
69 , 25
69 , 24
69 , 23
69 , 25
69 , 25
69 , 25
69 , 25
69 , 24
69 , 23
69 , 25
69 , 25
69 , 24
70 , 23
69 , 25
69 , 24
70 , 24
69 , 25
69 , 24
69 , 25
69 , 24
69 , 25
69 , 24
70 , 24
69 , 25
69 , 24
70 , 24
69 , 25
69 , 24
69 , 23
69 , 24
69 , 23
69 , 23
69 , 24
69 , 23
69 , 25
69 , 25
69 , 24
69 , 25
70 , 24
69 , 23
69 , 24
69 , 25
69 , 24
70 , 24
69 , 24
69 , 25
70 , 24
70 , 24
69 , 24
70 , 24
70 , 24
69 , 24
69 , 25
69 , 24
70 , 24
69 , 25
69 , 25
70 , 24
69 , 24
69 , 25
69 , 24
69 , 23
69 , 23
69 , 24
69 , 23
69 , 24
69 , 25
69 , 24
69 , 25
69 , 25
69 , 24
69 , 25
69 , 24
69 , 25
69 , 24
70 , 24
69 , 25
69 , 24
70 , 25
69 , 24
69 , 25
69 , 24
70 , 24
69 , 24
69 , 25
69 , 25
69 , 24
69 , 25
69 , 24
70 , 24
70 , 24
69 , 25
69 , 24
70 , 24
69 , 23
69 , 24
70 , 25
69 , 24
69 , 23
69 , 24
70 , 24
69 , 24
69 , 23
69 , 25
69 , 24
69 , 25
69 , 25
69 , 23
69 , 25
69 , 25
69 , 24
69 , 25
70 , 24
69 , 25
69 , 24
69 , 24
69 , 25
69 , 24
70 , 24
69 , 24
70 , 24
70 , 23
69 , 24
69 , 24
69 , 25
69 , 23
69 , 24
69 , 25
69 , 23
69 , 24
69 , 25
69 , 25
69 , 24
69 , 25
69 , 24
69 , 25
69 , 24
70 , 24
69 , 24
70 , 24
69 , 24
70 , 24
70 , 24
69 , 23
70 , 24
69 , 25
69 , 24
70 , 24
69 , 24
69 , 25
69 , 24
69 , 23
69 , 24
69 , 25
69 , 23
69 , 24
69 , 25
69 , 24
69 , 23
69 , 24
69 , 23
69 , 24
69 , 23
69 , 24
69 , 25
69 , 23
69 , 24
69 , 23
69 , 24
70 , 24
69 , 24
69 , 23
69 , 24
69 , 25
69 , 24
69 , 23
69 , 25
69 , 24
69 , 25
69 , 24
70 , 24
69 , 25
69 , 24
70 , 24
69 , 24
70 , 24
70 , 24
69 , 25
69 , 24
70 , 24
69 , 25
69 , 24
69 , 25
69 , 24
69 , 23
69 , 24
69 , 25
69 , 24
69 , 23
69 , 24
69 , 25
69 , 24
69 , 23
69 , 25
69 , 25
69 , 23
69 , 24
69 , 23
70 , 24
69 , 24
69 , 25
69 , 25
69 , 24
69 , 25
69 , 24
69 , 24
69 , 25
69 , 24
69 , 25
69 , 24
70 , 24
69 , 24
70 , 24
69 , 23
69 , 25
69 , 24
70 , 24
69 , 25
69 , 24
70 , 24
69 , 25
69 , 25
69 , 24
69 , 25
69 , 24
70 , 24
69 , 23
69 , 23
69 , 24
69 , 25
69 , 24
69 , 25